# x y z w1S_dist w2S_noise w3S_safe
# bounds_min=[0.0, 0.0, 0.0]
# bounds_max=[10.0, 10.0, 6.0]
# grid_step=0.8
# w1=0.6 w2=0.7 w3=1.0 c=1.5 r_obs=1.0
# d_max=15.36229133605957 G_max=1.0
# preset_id=0 seed=None
# best_point=[9.600000381469727, 4.800000190734863, 0.0] best_score=1.9603524208068848
0.000000 0.000000 0.000000 0.186866 0.530242 0.933754
0.000000 0.000000 0.800000 0.190128 0.486773 0.853073
0.000000 0.000000 1.600000 0.191022 0.456087 0.886548
0.000000 0.000000 2.400000 0.189533 0.445697 0.971704
0.000000 0.000000 3.200000 0.185686 0.457719 0.998239
0.000000 0.000000 4.000000 0.179546 0.488141 0.999978
0.000000 0.000000 4.800000 0.171212 0.528929 1.000000
0.000000 0.000000 5.600000 0.160808 0.571481 1.000000
0.000000 0.800000 0.000000 0.200685 0.508651 0.729714
0.000000 0.800000 0.800000 0.204061 0.459723 0.487267
0.000000 0.800000 1.600000 0.204987 0.425064 0.580191
0.000000 0.800000 2.400000 0.203445 0.413109 0.870769
0.000000 0.800000 3.200000 0.199464 0.426294 0.990053
0.000000 0.800000 4.000000 0.193116 0.460212 0.999854
0.000000 0.800000 4.800000 0.184510 0.505928 1.000000
0.000000 0.800000 5.600000 0.173781 0.553814 1.000000
0.000000 1.600000 0.000000 0.212472 0.488859 0.622188
0.000000 1.600000 0.800000 0.215952 0.434991 0.329864
0.000000 1.600000 1.600000 0.216906 0.396689 0.436775
0.000000 1.600000 2.400000 0.215317 0.383203 0.811227
0.000000 1.600000 3.200000 0.211214 0.397279 0.984334
0.000000 1.600000 4.000000 0.204678 0.434206 0.999757
0.000000 1.600000 4.800000 0.195825 0.484288 0.999995
0.000000 1.600000 5.600000 0.184803 0.536996 1.000000
0.000000 2.400000 0.000000 0.222037 0.471923 0.786724
0.000000 2.400000 0.800000 0.225606 0.413908 0.580191
0.000000 2.400000 1.600000 0.226585 0.372487 0.661092
0.000000 2.400000 2.400000 0.224954 0.357574 0.900579
0.000000 2.400000 3.200000 0.220748 0.372197 0.979286
0.000000 2.400000 4.000000 0.214050 0.411452 0.991629
0.000000 2.400000 4.800000 0.204987 0.465077 0.999100
0.000000 2.400000 5.600000 0.193717 0.521826 0.999979
0.000000 3.200000 0.000000 0.229208 0.458784 0.642028
0.000000 3.200000 0.800000 0.232847 0.397651 0.357138
0.000000 3.200000 1.600000 0.233845 0.353809 0.462323
0.000000 3.200000 2.400000 0.232182 0.337640 0.701176
0.000000 3.200000 3.200000 0.227894 0.352415 0.627221
0.000000 3.200000 4.000000 0.221070 0.393168 0.814114
0.000000 3.200000 4.800000 0.211843 0.449297 0.972215
0.000000 3.200000 5.600000 0.200379 0.509070 0.999100
0.000000 4.000000 0.000000 0.233845 0.450176 0.679385
0.000000 4.000000 0.800000 0.237530 0.387129 0.410680
0.000000 4.000000 1.600000 0.238541 0.341696 0.511561
0.000000 4.000000 2.400000 0.236857 0.324506 0.040582
0.000000 4.000000 3.200000 0.232514 0.339021 0.000588
0.000000 4.000000 4.000000 0.225606 0.380346 0.226910
0.000000 4.000000 4.800000 0.216269 0.437791 0.814114
0.000000 4.000000 5.600000 0.204678 0.499395 0.991629
0.000000 4.800000 0.000000 0.235850 0.446555 0.729714
0.000000 4.800000 0.800000 0.239555 0.382894 0.487267
0.000000 4.800000 1.600000 0.240572 0.336783 0.226910
0.000000 4.800000 2.400000 nan nan nan
0.000000 4.800000 3.200000 nan nan nan
0.000000 4.800000 4.000000 0.227566 0.373657 0.000588
0.000000 4.800000 4.800000 0.218182 0.431160 0.627221
0.000000 4.800000 5.600000 0.206534 0.493306 0.979286
0.000000 5.600000 0.000000 0.235181 0.448059 0.622188
0.000000 5.600000 0.800000 0.238879 0.385098 0.329864
0.000000 5.600000 1.600000 0.239894 0.339240 0.336705
0.000000 5.600000 2.400000 nan nan nan
0.000000 5.600000 3.200000 nan nan nan
0.000000 5.600000 4.000000 0.226912 0.373399 0.040582
0.000000 5.600000 4.800000 0.217544 0.429720 0.701176
0.000000 5.600000 5.600000 0.205915 0.491105 0.984625
0.000000 6.400000 0.000000 0.231851 0.454507 0.786724
0.000000 6.400000 0.800000 0.235515 0.393485 0.580191
0.000000 6.400000 1.600000 0.236521 0.348778 0.661092
0.000000 6.400000 2.400000 0.234846 0.330390 0.336706
0.000000 6.400000 3.200000 0.230527 0.341947 0.226910
0.000000 6.400000 4.000000 0.223655 0.379473 0.540954
0.000000 6.400000 4.800000 0.214366 0.433470 0.914475
0.000000 6.400000 5.600000 0.202830 0.492863 0.996724
0.000000 7.200000 0.000000 0.225932 0.465426 0.642028
0.000000 7.200000 0.800000 0.229538 0.407438 0.357138
0.000000 7.200000 1.600000 0.230527 0.364689 0.462323
0.000000 7.200000 2.400000 0.228879 0.346584 0.822550
0.000000 7.200000 3.200000 0.224629 0.356662 0.888394
0.000000 7.200000 4.000000 0.217863 0.391410 0.950717
0.000000 7.200000 4.800000 0.208711 0.442110 0.993857
0.000000 7.200000 5.600000 0.197337 0.498425 0.999830
0.000000 8.000000 0.000000 0.217544 0.480111 0.679385
0.000000 8.000000 0.800000 0.221070 0.426052 0.410680
0.000000 8.000000 1.600000 0.222037 0.385940 0.511561
0.000000 8.000000 2.400000 0.220426 0.368442 0.843451
0.000000 8.000000 3.200000 0.216269 0.376944 0.987503
0.000000 8.000000 4.000000 0.209648 0.408432 0.999100
0.000000 8.000000 4.800000 0.200685 0.455076 0.999914
0.000000 8.000000 5.600000 0.189533 0.507428 0.999998
0.000000 8.800000 0.000000 0.206845 0.497703 0.893772
0.000000 8.800000 0.800000 0.210274 0.448236 0.773502
0.000000 8.800000 1.600000 0.211214 0.411281 0.822550
0.000000 8.800000 2.400000 0.209648 0.394674 0.953254
0.000000 8.800000 3.200000 0.205605 0.401596 0.996913
0.000000 8.800000 4.000000 0.199160 0.429533 0.999960
0.000000 8.800000 4.800000 0.190426 0.471603 1.000000
0.000000 8.800000 5.600000 0.179546 0.519342 1.000000
0.000000 9.600000 0.000000 0.194017 0.517266 0.990786
0.000000 9.600000 0.800000 0.197337 0.472810 0.977284
0.000000 9.600000 1.600000 0.198247 0.439364 0.983116
0.000000 9.600000 2.400000 0.196732 0.423883 0.996383
0.000000 9.600000 3.200000 0.192817 0.429301 0.999812
0.000000 9.600000 4.000000 0.186571 0.453580 0.999998
0.000000 9.600000 4.800000 0.178098 0.490797 1.000000
0.000000 9.600000 5.600000 0.167528 0.533519 1.000000
0.800000 0.000000 0.000000 0.213734 0.508712 0.729714
0.800000 0.000000 0.800000 0.217225 0.459896 0.487267
0.800000 0.000000 1.600000 0.218182 0.425573 0.580191
0.800000 0.000000 2.400000 0.216588 0.414153 0.870769
0.800000 0.000000 3.200000 0.212472 0.427952 0.990053
0.800000 0.000000 4.000000 0.205915 0.462384 0.999854
0.800000 0.000000 4.800000 0.197034 0.508370 1.000000
0.800000 0.000000 5.600000 0.185981 0.556229 1.000000
0.800000 0.800000 0.000000 0.228551 0.484775 0.220128
0.800000 0.800000 0.800000 0.232182 0.429911 0.000149
0.800000 0.800000 1.600000 0.233179 0.391194 0.036564
0.800000 0.800000 2.400000 0.231519 0.378057 0.535164
0.800000 0.800000 3.200000 0.227239 0.393164 0.949843
0.800000 0.800000 4.000000 0.220426 0.431490 0.999081
0.800000 0.800000 4.800000 0.211214 0.482948 0.999997
0.800000 0.800000 5.600000 0.199769 0.536720 1.000000
0.800000 1.600000 0.000000 0.241252 0.462920 0.072966
0.800000 1.600000 0.800000 nan nan nan
0.800000 1.600000 1.600000 nan nan nan
0.800000 1.600000 2.400000 0.244327 0.345050 0.384108
0.800000 1.600000 3.200000 0.239894 0.361156 0.924034
0.800000 1.600000 4.000000 0.232847 0.402817 0.998502
0.800000 1.600000 4.800000 0.223331 0.459104 0.999985
0.800000 1.600000 5.600000 0.211528 0.518202 1.000000
0.800000 2.400000 0.000000 0.251607 0.444314 0.329864
0.800000 2.400000 0.800000 0.255481 0.379434 0.036564
0.800000 2.400000 1.600000 0.256545 0.333272 0.117301
0.800000 2.400000 2.400000 0.254773 0.316891 0.622188
0.800000 2.400000 3.200000 0.250208 0.333604 0.962232
0.800000 2.400000 4.000000 0.242957 0.377831 0.995507
0.800000 2.400000 4.800000 0.233179 0.438017 0.999535
0.800000 2.400000 5.600000 0.221070 0.501557 0.999989
0.800000 3.200000 0.000000 0.259400 0.429991 0.094310
0.800000 3.200000 0.800000 nan nan nan
0.800000 3.200000 1.600000 nan nan nan
0.800000 3.200000 2.400000 0.262640 0.295140 0.410681
0.800000 3.200000 3.200000 0.257970 0.312013 0.763144
0.800000 3.200000 4.000000 0.250557 0.357870 0.888394
0.800000 3.200000 4.800000 0.240573 0.420786 0.984625
0.800000 3.200000 5.600000 0.228222 0.487625 0.999535
0.800000 4.000000 0.000000 0.264453 0.420748 0.141637
0.800000 4.000000 0.800000 nan nan nan
0.800000 4.000000 1.600000 0.269584 0.299873 0.003567
0.800000 4.000000 2.400000 0.267743 0.280998 0.226910
0.800000 4.000000 3.200000 0.263002 0.297566 0.123269
0.800000 4.000000 4.000000 0.255481 0.344013 0.443215
0.800000 4.000000 4.800000 0.245358 0.408328 0.888394
0.800000 4.000000 5.600000 0.232847 0.477134 0.995507
0.800000 4.800000 0.000000 0.266643 0.417071 0.220128
0.800000 4.800000 0.800000 0.270694 0.346116 0.000149
0.800000 4.800000 1.600000 0.271808 0.294877 0.036564
0.800000 4.800000 2.400000 0.269954 0.275202 0.000588
0.800000 4.800000 3.200000 nan nan nan
0.800000 4.800000 4.000000 0.257613 0.336982 0.123269
0.800000 4.800000 4.800000 0.247428 0.401294 0.763144
0.800000 4.800000 5.600000 0.234846 0.470627 0.988634
0.800000 5.600000 0.000000 0.265911 0.419093 0.072966
0.800000 5.600000 0.800000 nan nan nan
0.800000 5.600000 1.600000 nan nan nan
0.800000 5.600000 2.400000 0.269215 0.277952 0.040582
0.800000 5.600000 3.200000 0.264453 0.292615 0.000588
0.800000 5.600000 4.000000 0.256901 0.337082 0.226910
0.800000 5.600000 4.800000 0.246737 0.400009 0.814114
0.800000 5.600000 5.600000 0.234178 0.468423 0.991629
0.800000 6.400000 0.000000 0.262278 0.426590 0.329864
0.800000 6.400000 0.800000 0.266277 0.358700 0.036564
0.800000 6.400000 1.600000 0.267376 0.309102 0.117301
0.800000 6.400000 2.400000 0.265546 0.288919 0.540954
0.800000 6.400000 3.200000 0.260836 0.302118 0.443216
0.800000 6.400000 4.000000 0.253362 0.344180 0.701176
0.800000 6.400000 4.800000 0.243299 0.404456 0.950717
0.800000 6.400000 5.600000 0.230858 0.470588 0.998274
0.800000 7.200000 0.000000 0.255836 0.439020 0.094310
0.800000 7.200000 0.800000 nan nan nan
0.800000 7.200000 1.600000 nan nan nan
0.800000 7.200000 2.400000 0.259042 0.307293 0.410681
0.800000 7.200000 3.200000 0.254420 0.318814 0.929047
0.800000 7.200000 4.000000 0.247082 0.357736 0.972215
0.800000 7.200000 4.800000 0.237193 0.414286 0.996724
0.800000 7.200000 5.600000 0.224954 0.476937 0.999914
0.800000 8.000000 0.000000 0.246737 0.455588 0.141637
0.800000 8.000000 0.800000 nan nan nan
0.800000 8.000000 1.600000 0.251607 0.351094 0.003567
0.800000 8.000000 2.400000 0.249860 0.331887 0.462323
0.800000 8.000000 3.200000 0.245358 0.341623 0.938172
0.800000 8.000000 4.000000 0.238204 0.376872 0.998826
0.800000 8.000000 4.800000 0.228551 0.428860 0.999890
0.800000 8.000000 5.600000 0.216588 0.487058 0.999986
0.800000 8.800000 0.000000 0.235181 0.475330 0.601574
0.800000 8.800000 0.800000 0.238879 0.420413 0.302394
0.800000 8.800000 1.600000 0.239894 0.379491 0.410681
0.800000 8.800000 2.400000 0.238204 0.361261 0.799292
0.800000 8.800000 3.200000 0.233845 0.369209 0.983116
0.800000 8.800000 4.000000 0.226912 0.400466 0.999736
0.800000 8.800000 4.800000 0.217544 0.447325 0.999984
0.800000 8.800000 5.600000 0.205915 0.500359 0.999998
0.800000 9.600000 0.000000 0.221392 0.497205 0.953254
0.800000 9.600000 0.800000 0.224954 0.447878 0.893772
0.800000 9.600000 1.600000 0.225932 0.410858 0.918699
0.800000 9.600000 2.400000 0.224304 0.393862 0.980406
0.800000 9.600000 3.200000 0.220105 0.400105 0.998826
0.800000 9.600000 4.000000 0.213418 0.427258 0.999986
0.800000 9.600000 4.800000 0.204369 0.468690 0.999999
0.800000 9.600000 5.600000 0.193116 0.516123 1.000000
1.600000 0.000000 0.000000 0.239894 0.488836 0.622188
1.600000 0.000000 0.800000 0.243641 0.435179 0.329864
1.600000 0.000000 1.600000 0.244670 0.397579 0.436775
1.600000 0.000000 2.400000 0.242957 0.385246 0.811227
1.600000 0.000000 3.200000 0.238541 0.400660 0.984334
1.600000 0.000000 4.000000 0.231519 0.438726 0.998961
1.600000 0.000000 4.800000 0.222037 0.489426 0.999982
1.600000 0.000000 5.600000 0.210274 0.542115 1.000000
1.600000 0.800000 0.000000 0.255836 0.462795 0.072966
1.600000 0.800000 0.800000 nan nan nan
1.600000 0.800000 1.600000 nan nan nan
1.600000 0.800000 2.400000 0.259042 0.346014 0.384108
1.600000 0.800000 3.200000 0.254420 0.362863 0.924034
1.600000 0.800000 4.000000 0.247082 0.405168 0.993975
1.600000 0.800000 4.800000 0.237193 0.461820 0.999882
1.600000 0.800000 5.600000 0.224954 0.520934 0.999998
1.600000 1.600000 0.000000 0.269584 0.439089 0.000149
1.600000 1.600000 0.800000 nan nan nan
1.600000 1.600000 1.600000 nan nan nan
1.600000 1.600000 2.400000 0.272925 0.310233 0.220128
1.600000 1.600000 3.200000 0.268110 0.328172 0.886548
1.600000 1.600000 4.000000 0.260476 0.374097 0.988642
1.600000 1.600000 4.800000 0.250208 0.435986 0.998684
1.600000 1.600000 5.600000 0.237530 0.500873 0.999966
1.600000 2.400000 0.000000 0.280857 0.418985 0.167048
1.600000 2.400000 0.800000 nan nan nan
1.600000 2.400000 1.600000 0.286256 0.297497 0.011104
1.600000 2.400000 2.400000 0.284317 0.279808 0.487267
1.600000 2.400000 3.200000 0.279331 0.298404 0.912840
1.600000 2.400000 4.000000 0.271436 0.347103 0.960310
1.600000 2.400000 4.800000 0.260836 0.413202 0.994903
1.600000 2.400000 5.600000 0.247775 0.482888 0.999854
1.600000 3.200000 0.000000 0.289383 0.403596 0.003567
1.600000 3.200000 0.800000 nan nan nan
1.600000 3.200000 1.600000 nan nan nan
1.600000 3.200000 2.400000 0.292939 0.256419 0.247376
1.600000 3.200000 3.200000 0.287815 0.275180 0.893772
1.600000 3.200000 4.000000 0.279711 0.325623 0.957519
1.600000 3.200000 4.800000 0.268846 0.394654 0.994508
1.600000 3.200000 5.600000 0.255481 0.467885 0.999841
1.600000 4.000000 0.000000 0.294933 0.393776 0.022257
1.600000 4.000000 0.800000 nan nan nan
1.600000 4.000000 1.600000 nan nan nan
1.600000 4.000000 2.400000 0.298554 0.241355 0.302394
1.600000 4.000000 3.200000 0.293337 0.259768 0.701176
1.600000 4.000000 4.000000 0.285091 0.310818 0.855396
1.600000 4.000000 4.800000 0.274046 0.381324 0.979286
1.600000 4.000000 5.600000 0.260476 0.456642 0.999353
1.600000 4.800000 0.000000 0.297342 0.390038 0.072966
1.600000 4.800000 0.800000 nan nan nan
1.600000 4.800000 1.600000 nan nan nan
1.600000 4.800000 2.400000 0.300993 0.235393 0.384108
1.600000 4.800000 3.200000 0.295734 0.252965 0.443215
1.600000 4.800000 4.000000 0.287425 0.303454 0.701176
1.600000 4.800000 4.800000 0.276301 0.373904 0.950717
1.600000 4.800000 5.600000 0.262640 0.449742 0.998274
1.600000 5.600000 0.000000 0.296537 0.392510 0.000149
1.600000 5.600000 0.800000 nan nan nan
1.600000 5.600000 1.600000 nan nan nan
1.600000 5.600000 2.400000 0.300178 0.238733 0.220128
1.600000 5.600000 3.200000 0.294933 0.255030 0.540954
1.600000 5.600000 4.000000 0.286645 0.303844 0.763144
1.600000 5.600000 4.800000 0.275547 0.372735 0.962902
1.600000 5.600000 5.600000 0.261917 0.447520 0.998752
1.600000 6.400000 0.000000 0.292542 0.400934 0.167048
1.600000 6.400000 0.800000 nan nan nan
1.600000 6.400000 1.600000 0.298150 0.272800 0.011104
1.600000 6.400000 2.400000 0.296135 0.250995 0.487267
1.600000 6.400000 3.200000 0.290958 0.265673 0.855396
1.600000 6.400000 4.000000 0.282774 0.311828 0.934885
1.600000 6.400000 4.800000 0.271808 0.377786 0.990944
1.600000 6.400000 5.600000 0.258327 0.450036 0.998587
1.600000 7.200000 0.000000 0.285479 0.414709 0.003567
1.600000 7.200000 0.800000 nan nan nan
1.600000 7.200000 1.600000 nan nan nan
1.600000 7.200000 2.400000 0.288990 0.271287 0.247376
1.600000 7.200000 3.200000 0.283930 0.284112 0.893772
1.600000 7.200000 4.000000 0.275924 0.326808 0.966685
1.600000 7.200000 4.800000 0.265182 0.388663 0.980752
1.600000 7.200000 5.600000 0.251957 0.457080 0.996848
1.600000 8.000000 0.000000 0.275547 0.432960 0.022257
1.600000 8.000000 0.800000 nan nan nan
1.600000 8.000000 1.600000 nan nan nan
1.600000 8.000000 2.400000 0.278950 0.298305 0.302394
1.600000 8.000000 3.200000 0.274046 0.309159 0.906990
1.600000 8.000000 4.000000 0.266277 0.347820 0.978522
1.600000 8.000000 4.800000 0.255836 0.404669 0.987741
1.600000 8.000000 5.600000 0.242957 0.468201 0.998051
1.600000 8.800000 0.000000 0.263002 0.454634 0.462323
1.600000 8.800000 0.800000 0.267009 0.394731 0.141637
1.600000 8.800000 1.600000 0.268110 0.350189 0.247377
1.600000 8.800000 2.400000 0.266277 0.330480 0.713685
1.600000 8.800000 3.200000 0.261556 0.339359 0.973694
1.600000 8.800000 4.000000 0.254067 0.373640 0.996015
1.600000 8.800000 4.800000 0.243984 0.424871 0.997805
1.600000 8.800000 5.600000 0.231519 0.482750 0.999681
1.600000 9.600000 0.000000 0.248121 0.478596 0.929047
1.600000 9.600000 0.800000 0.251957 0.424796 0.843451
1.600000 9.600000 1.600000 0.253011 0.384502 0.878888
1.600000 9.600000 2.400000 0.251256 0.366120 0.969572
1.600000 9.600000 3.200000 0.246737 0.373116 0.998091
1.600000 9.600000 4.000000 0.239555 0.402898 0.999824
1.600000 9.600000 4.800000 0.229867 0.448190 0.999907
1.600000 9.600000 5.600000 0.217863 0.499948 0.999988
2.400000 0.000000 0.000000 0.265182 0.471666 0.493707
2.400000 0.000000 0.800000 0.269215 0.413938 0.534847
2.400000 0.000000 1.600000 0.270324 0.373599 0.661092
2.400000 0.000000 2.400000 0.268478 0.360508 0.705392
2.400000 0.000000 3.200000 0.263727 0.377274 0.890213
2.400000 0.000000 4.000000 0.256190 0.418378 0.988848
2.400000 0.000000 4.800000 0.246047 0.473040 0.999100
2.400000 0.000000 5.600000 0.233512 0.529816 0.999979
2.400000 0.800000 0.000000 0.282390 0.443868 0.329864
2.400000 0.800000 0.800000 0.286645 0.379142 0.036564
2.400000 0.800000 1.600000 0.287815 0.333733 0.117301
2.400000 0.800000 2.400000 0.285867 0.318673 0.180077
2.400000 0.800000 3.200000 0.280857 0.336970 0.590978
2.400000 0.800000 4.000000 0.272925 0.382589 0.944290
2.400000 0.800000 4.800000 0.262278 0.443590 0.998247
2.400000 0.800000 5.600000 0.249163 0.507210 0.999954
2.400000 1.600000 0.000000 0.297342 0.418616 0.167048
2.400000 1.600000 0.800000 nan nan nan
2.400000 1.600000 1.600000 0.303041 0.297570 0.011104
2.400000 1.600000 2.400000 0.300993 0.280584 0.044765
2.400000 1.600000 3.200000 0.295734 0.300039 0.449621
2.400000 1.600000 4.000000 0.287425 0.349507 0.850870
2.400000 1.600000 4.800000 0.276301 0.416073 0.977455
2.400000 1.600000 5.600000 0.262640 0.485833 0.999248
2.400000 2.400000 0.000000 0.309690 0.397254 0.436775
2.400000 2.400000 0.800000 0.314352 0.321009 0.117301
2.400000 2.400000 1.600000 0.315636 0.267044 0.220128
2.400000 2.400000 2.400000 0.313499 0.248261 0.288623
2.400000 2.400000 3.200000 0.308014 0.268409 0.315461
2.400000 2.400000 4.000000 0.299365 0.320815 0.597605
2.400000 2.400000 4.800000 0.287815 0.391847 0.924797
2.400000 2.400000 5.600000 0.273672 0.466699 0.997030
2.400000 3.200000 0.000000 0.319090 0.380961 0.193285
2.400000 3.200000 0.800000 nan nan nan
2.400000 3.200000 1.600000 0.325240 0.243847 0.022257
2.400000 3.200000 2.400000 0.323028 0.223482 0.063013
2.400000 3.200000 3.200000 0.317358 0.243794 0.289190
2.400000 3.200000 4.000000 0.308432 0.298038 0.577074
2.400000 3.200000 4.800000 0.296537 0.372166 0.919759
2.400000 3.200000 5.600000 0.282006 0.450769 0.996796
2.400000 4.000000 0.000000 0.325240 0.370636 0.247376
2.400000 4.000000 0.800000 0.330170 0.288195 0.003567
2.400000 4.000000 1.600000 0.331530 0.229258 0.053598
2.400000 4.000000 2.400000 0.329267 0.207605 0.105619
2.400000 4.000000 3.200000 0.323469 0.227533 0.523451
2.400000 4.000000 4.000000 0.314352 0.282398 0.821475
2.400000 4.000000 4.800000 0.302220 0.358070 0.972193
2.400000 4.000000 5.600000 0.287425 0.438867 0.992826
2.400000 4.800000 0.000000 0.327918 0.366817 0.329864
2.400000 4.800000 0.800000 0.332897 0.283743 0.036564
2.400000 4.800000 1.600000 0.334271 0.224025 0.117300
2.400000 4.800000 2.400000 0.331985 0.201446 0.180077
2.400000 4.800000 3.200000 0.326129 0.220462 0.590978
2.400000 4.800000 4.000000 0.316927 0.274705 0.944290
2.400000 4.800000 4.800000 0.304689 0.350286 0.994744
2.400000 4.800000 5.600000 0.289776 0.431606 0.982145
2.400000 5.600000 0.000000 0.327022 0.369630 0.167048
2.400000 5.600000 0.800000 nan nan nan
2.400000 5.600000 1.600000 0.333354 0.228305 0.011104
2.400000 5.600000 2.400000 0.331076 0.205207 0.044765
2.400000 5.600000 3.200000 0.325240 0.222847 0.449621
2.400000 5.600000 4.000000 0.316066 0.275280 0.915905
2.400000 5.600000 4.800000 0.303864 0.349170 0.969870
2.400000 5.600000 5.600000 0.288990 0.429336 0.986774
2.400000 6.400000 0.000000 0.322588 0.378793 0.436775
2.400000 6.400000 0.800000 0.327469 0.299411 0.117301
2.400000 6.400000 1.600000 0.328816 0.241661 0.220128
2.400000 6.400000 2.400000 0.326575 0.218476 0.288623
2.400000 6.400000 3.200000 0.320834 0.234372 0.670335
2.400000 6.400000 4.000000 0.311800 0.283947 0.724275
2.400000 6.400000 4.800000 0.299771 0.354682 0.824195
2.400000 6.400000 5.600000 0.285091 0.432117 0.963936
2.400000 7.200000 0.000000 0.314779 0.393660 0.193285
2.400000 7.200000 0.800000 nan nan nan
2.400000 7.200000 1.600000 0.320834 0.263138 0.022257
2.400000 7.200000 2.400000 0.318656 0.240297 0.063013
2.400000 7.200000 3.200000 0.313073 0.254199 0.474874
2.400000 7.200000 4.000000 0.304276 0.300063 0.527440
2.400000 7.200000 4.800000 0.292542 0.366399 0.682306
2.400000 7.200000 5.600000 0.278191 0.439721 0.927367
2.400000 8.000000 0.000000 0.303864 0.413295 0.247376
2.400000 8.000000 0.800000 0.308432 0.343110 0.003567
2.400000 8.000000 1.600000 0.309690 0.291373 0.053598
2.400000 8.000000 2.400000 0.307596 0.269280 0.105619
2.400000 8.000000 3.200000 0.302220 0.281062 0.523451
2.400000 8.000000 4.000000 0.293735 0.322600 0.655140
2.400000 8.000000 4.800000 0.282390 0.383574 0.775899
2.400000 8.000000 5.600000 0.268478 0.451664 0.952159
2.400000 8.800000 0.000000 0.290170 0.436573 0.679385
2.400000 8.800000 0.800000 0.294533 0.372387 0.410681
2.400000 8.800000 1.600000 0.295734 0.324739 0.511561
2.400000 8.800000 2.400000 0.293735 0.303753 0.569214
2.400000 8.800000 3.200000 0.288598 0.313408 0.827990
2.400000 8.800000 4.000000 0.280474 0.350253 0.911236
2.400000 8.800000 4.800000 0.269584 0.405214 0.946918
2.400000 8.800000 5.600000 0.256190 0.467255 0.990561
2.400000 9.600000 0.000000 0.274046 0.462283 0.964846
2.400000 9.600000 0.800000 0.278191 0.404619 0.918699
2.400000 9.600000 1.600000 0.279331 0.361500 0.938172
2.400000 9.600000 2.400000 0.277433 0.341915 0.948052
2.400000 9.600000 3.200000 0.272552 0.349541 0.982145
2.400000 9.600000 4.000000 0.264817 0.381565 0.992826
2.400000 9.600000 4.800000 0.254420 0.430171 0.996963
2.400000 9.600000 5.600000 0.241593 0.485664 0.999552
3.200000 0.000000 0.000000 nan nan nan
3.200000 0.000000 0.800000 0.293735 0.397352 0.002728
3.200000 0.000000 1.600000 0.294933 0.354966 0.397449
3.200000 0.000000 2.400000 0.292939 0.341304 0.397449
3.200000 0.000000 3.200000 0.287815 0.359063 0.627221
3.200000 0.000000 4.000000 0.279711 0.402425 0.814114
3.200000 0.000000 4.800000 0.268846 0.460060 0.972215
3.200000 0.000000 5.600000 0.255481 0.519948 0.999100
3.200000 0.800000 0.000000 nan nan nan
3.200000 0.800000 0.800000 nan nan nan
3.200000 0.800000 1.600000 nan nan nan
3.200000 0.800000 2.400000 nan nan nan
3.200000 0.800000 3.200000 0.306347 0.316887 0.233713
3.200000 0.800000 4.000000 0.297746 0.364952 0.857686
3.200000 0.800000 4.800000 0.286256 0.429199 0.984625
3.200000 0.800000 5.600000 0.272180 0.496233 0.999535
3.200000 1.600000 0.000000 0.324353 0.402620 0.168468
3.200000 1.600000 0.800000 0.329267 0.327958 0.083413
3.200000 1.600000 1.600000 nan nan nan
3.200000 1.600000 2.400000 nan nan nan
3.200000 1.600000 3.200000 0.322588 0.278272 0.083413
3.200000 1.600000 4.000000 0.313499 0.330341 0.518062
3.200000 1.600000 4.800000 0.301402 0.400387 0.904530
3.200000 1.600000 5.600000 0.286645 0.473827 0.996068
3.200000 2.400000 0.000000 0.337971 0.380302 0.805629
3.200000 2.400000 0.800000 0.343145 0.300181 0.343533
3.200000 2.400000 1.600000 0.344574 0.243574 0.001310
3.200000 2.400000 2.400000 nan nan nan
3.200000 2.400000 3.200000 nan nan nan
3.200000 2.400000 4.000000 0.326575 0.300342 0.079557
3.200000 2.400000 4.800000 0.313925 0.375038 0.724262
3.200000 2.400000 5.600000 0.298554 0.453786 0.985458
3.200000 3.200000 0.000000 0.348425 0.363305 0.773502
3.200000 3.200000 0.800000 0.353819 0.279133 0.105619
3.200000 3.200000 1.600000 nan nan nan
3.200000 3.200000 2.400000 nan nan nan
3.200000 3.200000 3.200000 nan nan nan
3.200000 3.200000 4.000000 0.336577 0.276542 0.060389
3.200000 3.200000 4.800000 0.323469 0.354457 0.708735
3.200000 3.200000 5.600000 0.307596 0.437113 0.975996
3.200000 4.000000 0.000000 0.355311 0.352563 0.799292
3.200000 4.000000 0.800000 0.360860 0.265974 0.154224
3.200000 4.000000 1.600000 nan nan nan
3.200000 4.000000 2.400000 nan nan nan
3.200000 4.000000 3.200000 0.353324 0.202548 0.143446
3.200000 4.000000 4.000000 0.343145 0.260212 0.447296
3.200000 4.000000 4.800000 0.329718 0.339726 0.884642
3.200000 4.000000 5.600000 0.313499 0.424665 0.835878
3.200000 4.800000 0.000000 0.358322 0.348632 0.627221
3.200000 4.800000 0.800000 0.363941 0.261378 0.233713
3.200000 4.800000 1.600000 nan nan nan
3.200000 4.800000 2.400000 nan nan nan
3.200000 4.800000 3.200000 0.356310 0.195187 0.233713
3.200000 4.800000 4.000000 0.346011 0.252191 0.857686
3.200000 4.800000 4.800000 0.332440 0.331603 0.872843
3.200000 4.800000 5.600000 0.316066 0.417081 0.665738
3.200000 5.600000 0.000000 0.357314 0.351643 0.701176
3.200000 5.600000 0.800000 0.362910 0.265482 0.083413
3.200000 5.600000 1.600000 nan nan nan
3.200000 5.600000 2.400000 nan nan nan
3.200000 5.600000 3.200000 0.355311 0.197709 0.083413
3.200000 5.600000 4.000000 0.345052 0.252817 0.722830
3.200000 5.600000 4.800000 0.331530 0.330459 0.823201
3.200000 5.600000 5.600000 0.315207 0.414726 0.733607
3.200000 6.400000 0.000000 0.352336 0.361303 0.870769
3.200000 6.400000 0.800000 0.357817 0.277890 0.343533
3.200000 6.400000 1.600000 0.359334 0.217286 0.001310
3.200000 6.400000 2.400000 0.356811 0.193021 0.001310
3.200000 6.400000 3.200000 0.350373 0.209790 0.332180
3.200000 6.400000 4.000000 0.340310 0.261908 0.107436
3.200000 6.400000 4.800000 0.327022 0.336252 0.304404
3.200000 6.400000 5.600000 0.310954 0.417662 0.793932
3.200000 7.200000 0.000000 0.343620 0.376938 0.773502
3.200000 7.200000 0.800000 0.348911 0.297727 0.105619
3.200000 7.200000 1.600000 nan nan nan
3.200000 7.200000 2.400000 nan nan nan
3.200000 7.200000 3.200000 0.341723 0.230558 0.074987
3.200000 7.200000 4.000000 nan nan nan
3.200000 7.200000 4.800000 0.319090 0.348544 0.055195
3.200000 7.200000 5.600000 0.303452 0.425653 0.633814
3.200000 8.000000 0.000000 0.331530 0.397571 0.799292
3.200000 8.000000 0.800000 0.336577 0.323751 0.154224
3.200000 8.000000 1.600000 nan nan nan
3.200000 8.000000 2.400000 nan nan nan
3.200000 8.000000 3.200000 0.329718 0.258699 0.154224
3.200000 8.000000 4.000000 0.320397 0.302415 0.030588
3.200000 8.000000 4.800000 0.308014 0.366557 0.195971
3.200000 8.000000 5.600000 0.292939 0.438194 0.738908
3.200000 8.800000 0.000000 0.316496 0.422030 0.938172
3.200000 8.800000 0.800000 0.321271 0.354477 0.611978
3.200000 8.800000 1.600000 0.322588 0.304389 0.206644
3.200000 8.800000 2.400000 0.320397 0.282379 0.206644
3.200000 8.800000 3.200000 0.314779 0.292599 0.611978
3.200000 8.800000 4.000000 0.305932 0.331404 0.571879
3.200000 8.800000 4.800000 0.294134 0.389256 0.715564
3.200000 8.800000 5.600000 0.279711 0.454563 0.936478
3.200000 9.600000 0.000000 0.298959 0.449051 0.995044
3.200000 9.600000 0.800000 0.303452 0.388318 0.954877
3.200000 9.600000 1.600000 0.304689 0.342956 0.866532
3.200000 9.600000 2.400000 0.302630 0.322400 0.733607
3.200000 9.600000 3.200000 0.297342 0.330488 0.665737
3.200000 9.600000 4.000000 0.288990 0.364245 0.835878
3.200000 9.600000 4.800000 0.277812 0.415444 0.975996
3.200000 9.600000 5.600000 0.264090 0.473894 0.996273
4.000000 0.000000 0.000000 nan nan nan
4.000000 0.000000 0.800000 nan nan nan
4.000000 0.000000 1.600000 0.318223 0.342715 0.204413
4.000000 0.000000 2.400000 0.316066 0.328693 0.040582
4.000000 0.000000 3.200000 0.310532 0.347020 0.000588
4.000000 0.000000 4.000000 0.301811 0.391717 0.226910
4.000000 0.000000 4.800000 0.290170 0.451164 0.814114
4.000000 0.000000 5.600000 0.275924 0.513009 0.991629
4.000000 0.800000 0.000000 nan nan nan
4.000000 0.800000 0.800000 nan nan nan
4.000000 0.800000 1.600000 nan nan nan
4.000000 0.800000 2.400000 nan nan nan
4.000000 0.800000 3.200000 0.330622 0.303701 0.123269
4.000000 0.800000 4.000000 0.321271 0.353192 0.443215
4.000000 0.800000 4.800000 0.308851 0.419392 0.888394
4.000000 0.800000 5.600000 0.293735 0.488555 0.995507
4.000000 1.600000 0.000000 0.350373 0.391984 0.021094
4.000000 1.600000 0.800000 0.355810 0.315097 0.047039
4.000000 1.600000 1.600000 nan nan nan
4.000000 1.600000 2.400000 nan nan nan
4.000000 1.600000 3.200000 0.348425 0.264040 0.104294
4.000000 1.600000 4.000000 0.338437 0.317610 0.404844
4.000000 1.600000 4.800000 0.325240 0.389734 0.871731
4.000000 1.600000 5.600000 0.309270 0.465454 0.994406
4.000000 2.400000 0.000000 0.365497 0.369056 0.703336
4.000000 2.400000 0.800000 0.371293 0.286574 0.397449
4.000000 2.400000 1.600000 0.372900 0.228368 0.016258
4.000000 2.400000 2.400000 nan nan nan
4.000000 2.400000 3.200000 nan nan nan
4.000000 2.400000 4.000000 0.352830 0.286757 0.009505
4.000000 2.400000 4.800000 0.338904 0.363632 0.645150
4.000000 2.400000 5.600000 0.322148 0.444789 0.979662
4.000000 3.200000 0.000000 0.377240 0.351586 0.814114
4.000000 3.200000 0.800000 0.383350 0.264941 0.154224
4.000000 3.200000 1.600000 nan nan nan
4.000000 3.200000 2.400000 nan nan nan
4.000000 3.200000 3.200000 nan nan nan
4.000000 3.200000 4.000000 0.363941 0.262253 0.002878
4.000000 3.200000 4.800000 0.349397 0.342423 0.626350
4.000000 3.200000 5.600000 0.331985 0.427587 0.835878
4.000000 4.000000 0.000000 0.385046 0.340527 0.226910
4.000000 4.000000 0.800000 0.391385 0.251383 0.206644
4.000000 4.000000 1.600000 nan nan nan
4.000000 4.000000 2.400000 nan nan nan
4.000000 4.000000 3.200000 0.382787 0.186124 0.046118
4.000000 4.000000 4.000000 0.371293 0.245398 0.327548
4.000000 4.000000 4.800000 0.356310 0.327213 0.665737
4.000000 4.000000 5.600000 0.338437 0.414728 0.281736
4.000000 4.800000 0.000000 0.388480 0.336452 0.000588
4.000000 4.800000 0.800000 0.394925 0.246595 0.123269
4.000000 4.800000 1.600000 nan nan nan
4.000000 4.800000 2.400000 nan nan nan
4.000000 4.800000 3.200000 0.386185 0.178451 0.288623
4.000000 4.800000 4.000000 0.374518 0.237058 0.729714
4.000000 4.800000 4.800000 0.359334 0.318785 0.390792
4.000000 4.800000 5.600000 0.341251 0.406869 0.013572
4.000000 5.600000 0.000000 0.387329 0.339499 0.040582
4.000000 5.600000 0.800000 0.393738 0.250724 0.129318
4.000000 5.600000 1.600000 nan nan nan
4.000000 5.600000 2.400000 nan nan nan
4.000000 5.600000 3.200000 0.385046 0.180907 0.129318
4.000000 5.600000 4.000000 0.373438 0.237587 0.523171
4.000000 5.600000 4.800000 0.358322 0.317523 0.493403
4.000000 5.600000 5.600000 0.340310 0.404388 0.078130
4.000000 6.400000 0.000000 0.381667 0.349377 0.540954
4.000000 6.400000 0.800000 0.387904 0.263377 0.397449
4.000000 6.400000 1.600000 0.389637 0.200943 0.016258
4.000000 6.400000 2.400000 0.386756 0.175940 0.016258
4.000000 6.400000 3.200000 0.379442 0.193173 0.073127
4.000000 6.400000 4.000000 nan nan nan
4.000000 6.400000 4.800000 0.353324 0.323393 0.053531
4.000000 6.400000 5.600000 0.335652 0.407356 0.585608
4.000000 7.200000 0.000000 0.371827 0.365403 0.827989
4.000000 7.200000 0.800000 0.377789 0.283673 0.154224
4.000000 7.200000 1.600000 nan nan nan
4.000000 7.200000 2.400000 nan nan nan
4.000000 7.200000 3.200000 nan nan nan
4.000000 7.200000 4.000000 nan nan nan
4.000000 7.200000 4.800000 nan nan nan
4.000000 7.200000 5.600000 0.327469 0.415534 0.397569
4.000000 8.000000 0.000000 0.358322 0.386588 0.848329
4.000000 8.000000 0.800000 0.363941 0.310352 0.206644
4.000000 8.000000 1.600000 nan nan nan
4.000000 8.000000 2.400000 nan nan nan
4.000000 8.000000 3.200000 0.356310 0.243181 0.011443
4.000000 8.000000 4.000000 nan nan nan
4.000000 8.000000 4.800000 0.332440 0.354425 0.003703
4.000000 8.000000 5.600000 0.316066 0.428411 0.547120
4.000000 8.800000 0.000000 0.341723 0.411737 0.954877
4.000000 8.800000 0.800000 0.346974 0.341902 0.651657
4.000000 8.800000 1.600000 0.348425 0.290156 0.261096
4.000000 8.800000 2.400000 0.346011 0.267418 0.261096
4.000000 8.800000 3.200000 0.339840 0.277950 0.390792
4.000000 8.800000 4.000000 0.330170 0.317997 0.317353
4.000000 8.800000 4.800000 0.317358 0.377745 0.512474
4.000000 8.800000 5.600000 0.301811 0.445252 0.875150
4.000000 9.600000 0.000000 0.322588 0.439557 0.996523
4.000000 9.600000 0.800000 0.327469 0.376703 0.957213
4.000000 9.600000 1.600000 0.328816 0.329789 0.585608
4.000000 9.600000 2.400000 0.326575 0.308531 0.078130
4.000000 9.600000 3.200000 0.320834 0.316878 0.013572
4.000000 9.600000 4.000000 0.311800 0.351758 0.281736
4.000000 9.600000 4.800000 0.299771 0.404692 0.835878
4.000000 9.600000 5.600000 0.285091 0.465169 0.991818
4.800000 0.000000 0.000000 0.333354 0.444820 0.002643
4.800000 0.000000 0.800000 0.338437 0.381508 0.016777
4.800000 0.000000 1.600000 0.339840 0.337486 0.226910
4.800000 0.000000 2.400000 nan nan nan
4.800000 0.000000 3.200000 nan nan nan
4.800000 0.000000 4.000000 0.322148 0.386796 0.000588
4.800000 0.000000 4.800000 0.309690 0.446792 0.627221
4.800000 0.000000 5.600000 0.294533 0.509339 0.979286
4.800000 0.800000 0.000000 nan nan nan
4.800000 0.800000 0.800000 0.360860 0.343824 0.000168
4.800000 0.800000 1.600000 0.362395 0.294359 0.343533
4.800000 0.800000 2.400000 0.359841 0.278059 0.000588
4.800000 0.800000 3.200000 nan nan nan
4.800000 0.800000 4.000000 0.343145 0.347898 0.123269
4.800000 0.800000 4.800000 0.329718 0.414654 0.763144
4.800000 0.800000 5.600000 0.313499 0.484547 0.988634
4.800000 1.600000 0.000000 0.375059 0.387264 0.213679
4.800000 1.600000 0.800000 0.381108 0.309690 0.260693
4.800000 1.600000 1.600000 0.382787 0.255250 0.180078
4.800000 1.600000 2.400000 nan nan nan
4.800000 1.600000 3.200000 nan nan nan
4.800000 1.600000 4.000000 0.361882 0.311946 0.072966
4.800000 1.600000 4.800000 0.347457 0.384635 0.729715
4.800000 1.600000 5.600000 0.330170 0.461117 0.986522
4.800000 2.400000 0.000000 0.391971 0.364103 0.825081
4.800000 2.400000 0.800000 0.398527 0.280889 0.766639
4.800000 2.400000 1.600000 0.400352 0.222203 0.449621
4.800000 2.400000 2.400000 0.397319 0.201833 0.086801
4.800000 2.400000 3.200000 0.389637 0.223734 0.011049
4.800000 2.400000 4.000000 0.377789 0.280728 0.256448
4.800000 2.400000 4.800000 0.362395 0.358185 0.818851
4.800000 2.400000 5.600000 0.344097 0.440138 0.982145
4.800000 3.200000 0.000000 0.405303 0.346411 0.627221
4.800000 3.200000 0.800000 0.412325 0.258985 0.611978
4.800000 3.200000 1.600000 0.414286 0.197005 0.206644
4.800000 3.200000 2.400000 nan nan nan
4.800000 3.200000 3.200000 nan nan nan
4.800000 3.200000 4.000000 0.390218 0.255869 0.094310
4.800000 3.200000 4.800000 0.373977 0.336644 0.745016
4.800000 3.200000 5.600000 0.354812 0.422644 0.665738
4.800000 4.000000 0.000000 0.414286 0.335150 0.000588
4.800000 4.000000 0.800000 0.421660 0.245167 0.123269
4.800000 4.000000 1.600000 0.423725 0.181024 0.261096
4.800000 4.000000 2.400000 0.420297 0.157474 0.003567
4.800000 4.000000 3.200000 nan nan nan
4.800000 4.000000 4.000000 0.398527 0.238680 0.141637
4.800000 4.000000 4.800000 0.381667 0.321132 0.390792
4.800000 4.000000 5.600000 0.361882 0.409525 0.013572
4.800000 4.800000 0.000000 nan nan nan
4.800000 4.800000 0.800000 nan nan nan
4.800000 4.800000 1.600000 0.427929 0.175076 0.343533
4.800000 4.800000 2.400000 0.424419 0.150474 0.036564
4.800000 4.800000 3.200000 0.415605 0.171078 0.000149
4.800000 4.800000 4.000000 0.402194 0.230041 0.220128
4.800000 4.800000 4.800000 0.385046 0.312442 0.078130
4.800000 4.800000 5.600000 nan nan nan
4.800000 5.600000 0.000000 nan nan nan
4.800000 5.600000 0.800000 0.424419 0.244081 0.000588
4.800000 5.600000 1.600000 0.426516 0.179357 0.180078
4.800000 5.600000 2.400000 nan nan nan
4.800000 5.600000 3.200000 nan nan nan
4.800000 5.600000 4.000000 0.400964 0.230325 0.072966
4.800000 5.600000 4.800000 0.383914 0.310975 0.173538
4.800000 5.600000 5.600000 nan nan nan
4.800000 6.400000 0.000000 0.410384 0.343618 0.226910
4.800000 6.400000 0.800000 0.417601 0.256605 0.443216
4.800000 6.400000 1.600000 0.419619 0.193446 0.449621
4.800000 6.400000 2.400000 0.416268 0.168077 0.117300
4.800000 6.400000 3.200000 0.407827 0.185333 0.036564
4.800000 6.400000 4.000000 0.394925 0.239378 0.027983
4.800000 6.400000 4.800000 0.378338 0.316712 0.191151
4.800000 6.400000 5.600000 0.358827 0.401675 0.281736
4.800000 7.200000 0.000000 0.399133 0.359639 0.888394
4.800000 7.200000 0.800000 0.405931 0.276854 0.611978
4.800000 7.200000 1.600000 0.407827 0.216367 0.206644
4.800000 7.200000 2.400000 nan nan nan
4.800000 7.200000 3.200000 nan nan nan
4.800000 7.200000 4.000000 nan nan nan
4.800000 7.200000 4.800000 0.368641 0.329229 0.003206
4.800000 7.200000 5.600000 0.349885 0.409831 0.545044
4.800000 8.000000 0.000000 0.383914 0.380900 0.954877
4.800000 8.000000 0.800000 0.390218 0.303582 0.651657
4.800000 8.000000 1.600000 0.391971 0.246703 0.261096
4.800000 8.000000 2.400000 0.389058 0.222408 0.003567
4.800000 8.000000 3.200000 nan nan nan
4.800000 8.000000 4.000000 nan nan nan
4.800000 8.000000 4.800000 0.355311 0.347747 0.093146
4.800000 8.000000 5.600000 0.337505 0.422766 0.669268
4.800000 8.800000 0.000000 0.365497 0.406209 0.987968
4.800000 8.800000 0.800000 0.371293 0.335288 0.882774
4.800000 8.800000 1.600000 0.372900 0.282744 0.665737
4.800000 8.800000 2.400000 0.370229 0.259601 0.173538
4.800000 8.800000 3.200000 0.363425 0.270167 0.078130
4.800000 8.800000 4.000000 0.352830 0.310669 0.390792
4.800000 8.800000 4.800000 0.338904 0.371216 0.641277
4.800000 8.800000 5.600000 0.322148 0.439748 0.915653
4.800000 9.600000 0.000000 0.344574 0.434273 0.997972
4.800000 9.600000 0.800000 0.349885 0.370350 0.902218
4.800000 9.600000 1.600000 0.351353 0.322644 0.281736
4.800000 9.600000 2.400000 nan nan nan
4.800000 9.600000 3.200000 nan nan nan
4.800000 9.600000 4.000000 0.332897 0.344693 0.013572
4.800000 9.600000 4.800000 0.319961 0.398412 0.665738
4.800000 9.600000 5.600000 0.304276 0.459884 0.982145
5.600000 0.000000 0.000000 0.352336 0.445670 0.573088
5.600000 0.000000 0.800000 0.357817 0.383016 0.609900
5.600000 0.000000 1.600000 0.359334 0.339470 0.336705
5.600000 0.000000 2.400000 nan nan nan
5.600000 0.000000 3.200000 nan nan nan
5.600000 0.000000 4.000000 0.340310 0.387844 0.040582
5.600000 0.000000 4.800000 0.327022 0.447116 0.701176
5.600000 0.000000 5.600000 0.310954 0.509088 0.984625
5.600000 0.800000 0.000000 0.376147 0.415791 0.515028
5.600000 0.800000 0.800000 0.382226 0.345741 0.555093
5.600000 0.800000 1.600000 0.383914 0.296825 0.384108
5.600000 0.800000 2.400000 nan nan nan
5.600000 0.800000 3.200000 nan nan nan
5.600000 0.800000 4.000000 0.362910 0.349260 0.072966
5.600000 0.800000 4.800000 0.348425 0.415163 0.729715
5.600000 0.800000 5.600000 0.331076 0.484371 0.976433
5.600000 1.600000 0.000000 0.397922 0.388648 0.768228
5.600000 1.600000 0.800000 0.404678 0.311931 0.791051
5.600000 1.600000 1.600000 0.406561 0.258097 0.220128
5.600000 1.600000 2.400000 nan nan nan
5.600000 1.600000 3.200000 nan nan nan
5.600000 1.600000 4.000000 0.383350 0.313550 0.000149
5.600000 1.600000 4.800000 0.367588 0.385283 0.622188
5.600000 1.600000 5.600000 0.348911 0.460989 0.963561
5.600000 2.400000 0.000000 0.416933 0.365636 0.967488
5.600000 2.400000 0.800000 0.424419 0.283332 0.942316
5.600000 2.400000 1.600000 0.426516 0.225285 0.487267
5.600000 2.400000 2.400000 0.423034 0.205011 0.011104
5.600000 2.400000 3.200000 nan nan nan
5.600000 2.400000 4.000000 0.400964 0.282469 0.167048
5.600000 2.400000 4.800000 0.383914 0.358899 0.786724
5.600000 2.400000 5.600000 0.363941 0.440017 0.982474
5.600000 3.200000 0.000000 0.432238 0.347983 0.701176
5.600000 3.200000 0.800000 0.440440 0.261480 0.814114
5.600000 3.200000 1.600000 0.442751 0.200146 0.247376
5.600000 3.200000 2.400000 nan nan nan
5.600000 3.200000 3.200000 nan nan nan
5.600000 3.200000 4.000000 0.414944 0.257618 0.003567
5.600000 3.200000 4.800000 0.396718 0.337339 0.642028
5.600000 3.200000 5.600000 0.375603 0.422479 0.733607
5.600000 4.000000 0.000000 0.442751 0.336644 0.040582
5.600000 4.000000 0.800000 0.451533 0.247555 0.226910
5.600000 4.000000 1.600000 0.454020 0.184034 0.302394
5.600000 4.000000 2.400000 nan nan nan
5.600000 4.000000 3.200000 nan nan nan
5.600000 4.000000 4.000000 0.424419 0.240300 0.022257
5.600000 4.000000 4.800000 0.405303 0.321714 0.493403
5.600000 4.000000 5.600000 0.383350 0.409263 0.078130
5.600000 4.800000 0.000000 nan nan nan
5.600000 4.800000 0.800000 0.456550 0.242270 0.000588
5.600000 4.800000 1.600000 0.459125 0.177772 0.384108
5.600000 4.800000 2.400000 nan nan nan
5.600000 4.800000 3.200000 nan nan nan
5.600000 4.800000 4.000000 0.428640 0.231400 0.072966
5.600000 4.800000 4.800000 0.409101 0.312821 0.173538
5.600000 4.800000 5.600000 nan nan nan
5.600000 5.600000 0.000000 nan nan nan
5.600000 5.600000 0.800000 0.454858 0.245815 0.040582
5.600000 5.600000 1.600000 0.457403 0.181585 0.220128
5.600000 5.600000 2.400000 nan nan nan
5.600000 5.600000 3.200000 nan nan nan
5.600000 5.600000 4.000000 0.427221 0.231310 0.000149
5.600000 5.600000 4.800000 0.407827 0.311076 0.281736
5.600000 5.600000 5.600000 nan nan nan
5.600000 6.400000 0.000000 0.438162 0.344275 0.336706
5.600000 6.400000 0.800000 0.446681 0.257850 0.540954
5.600000 6.400000 1.600000 0.449088 0.195092 0.487267
5.600000 6.400000 2.400000 0.445097 0.169738 0.011104
5.600000 6.400000 3.200000 nan nan nan
5.600000 6.400000 4.000000 0.420297 0.239907 0.167048
5.600000 6.400000 4.800000 0.401578 0.316481 0.711100
5.600000 6.400000 5.600000 0.379996 0.400856 0.390792
5.600000 7.200000 0.000000 0.425115 0.359901 0.914475
5.600000 7.200000 0.800000 0.432967 0.277558 0.893772
5.600000 7.200000 1.600000 0.435173 0.217369 0.247376
5.600000 7.200000 2.400000 nan nan nan
5.600000 7.200000 3.200000 nan nan nan
5.600000 7.200000 4.000000 0.408463 0.256580 0.003567
5.600000 7.200000 4.800000 0.390801 0.328641 0.508124
5.600000 7.200000 5.600000 0.370229 0.408783 0.873673
5.600000 8.000000 0.000000 0.407827 0.380763 0.996523
5.600000 8.000000 0.800000 0.414944 0.303739 0.906990
5.600000 8.000000 1.600000 0.416933 0.247051 0.302394
5.600000 8.000000 2.400000 nan nan nan
5.600000 8.000000 3.200000 nan nan nan
5.600000 8.000000 4.000000 0.392558 0.280301 0.022257
5.600000 8.000000 4.800000 0.376147 0.346805 0.639508
5.600000 8.000000 5.600000 0.356811 0.421499 0.915136
5.600000 8.800000 0.000000 0.387329 0.405702 0.999188
5.600000 8.800000 0.800000 0.393738 0.334933 0.973694
5.600000 8.800000 1.600000 0.395521 0.282479 0.713685
5.600000 8.800000 2.400000 0.392558 0.259268 0.247377
5.600000 8.800000 3.200000 0.385046 0.269586 0.141637
5.600000 8.800000 4.000000 0.373438 0.309735 0.462323
5.600000 8.800000 4.800000 0.358322 0.369952 0.893772
5.600000 8.800000 5.600000 0.340310 0.438287 0.982316
5.600000 9.600000 0.000000 0.364459 0.433449 0.998532
5.600000 9.600000 0.800000 0.370229 0.369553 0.925317
5.600000 9.600000 1.600000 0.371827 0.321846 0.390792
5.600000 9.600000 2.400000 nan nan nan
5.600000 9.600000 3.200000 nan nan nan
5.600000 9.600000 4.000000 0.351844 0.343361 0.078130
5.600000 9.600000 4.800000 0.337971 0.396878 0.733607
5.600000 9.600000 5.600000 0.321271 0.458271 0.986774
6.400000 0.000000 0.000000 0.368641 0.451443 0.968516
6.400000 0.000000 0.800000 0.374518 0.390660 0.972220
6.400000 0.000000 1.600000 0.376147 0.348401 0.763144
6.400000 0.000000 2.400000 0.373438 0.334618 0.336706
6.400000 0.000000 3.200000 0.366540 0.351903 0.226910
6.400000 0.000000 4.000000 0.355810 0.394679 0.540954
6.400000 0.000000 4.800000 0.341723 0.452026 0.793088
6.400000 0.000000 5.600000 0.324796 0.512206 0.957967
6.400000 0.800000 0.000000 0.394330 0.422388 0.962228
6.400000 0.800000 0.800000 0.400964 0.354451 0.962232
6.400000 0.800000 1.600000 0.402812 0.306990 0.622188
6.400000 0.800000 2.400000 0.399742 0.291115 0.117301
6.400000 0.800000 3.200000 0.391971 0.309826 0.036564
6.400000 0.800000 4.000000 0.379996 0.357066 0.129318
6.400000 0.800000 4.800000 0.364459 0.420792 0.343533
6.400000 0.800000 5.600000 0.346011 0.487967 0.816963
6.400000 1.600000 0.000000 0.418271 0.395942 0.985970
6.400000 1.600000 0.800000 0.425814 0.321540 0.942316
6.400000 1.600000 1.600000 0.427929 0.269300 0.487267
6.400000 1.600000 2.400000 0.424419 0.251365 0.011104
6.400000 1.600000 3.200000 nan nan nan
6.400000 1.600000 4.000000 0.402194 0.322185 0.016258
6.400000 1.600000 4.800000 0.385046 0.391532 0.180077
6.400000 1.600000 5.600000 0.364977 0.465001 0.737455
6.400000 2.400000 0.000000 0.439677 0.373448 0.996724
6.400000 2.400000 0.800000 0.448281 0.293604 0.971704
6.400000 2.400000 1.600000 0.450714 0.237251 0.696913
6.400000 2.400000 2.400000 0.446681 0.217376 0.220128
6.400000 2.400000 3.200000 0.436661 0.237750 0.117301
6.400000 2.400000 4.000000 0.421660 0.291728 0.233713
6.400000 2.400000 4.800000 0.402812 0.365622 0.449621
6.400000 2.400000 5.600000 0.381108 0.444353 0.857686
6.400000 3.200000 0.000000 0.457403 0.356094 0.914475
6.400000 3.200000 0.800000 0.467150 0.272126 0.946202
6.400000 3.200000 1.600000 0.469935 0.212540 0.511560
6.400000 3.200000 2.400000 0.465325 0.190934 0.022257
6.400000 3.200000 3.200000 nan nan nan
6.400000 3.200000 4.000000 0.437410 0.267248 0.029044
6.400000 3.200000 4.800000 0.416933 0.344353 0.206644
6.400000 3.200000 5.600000 0.393738 0.427022 0.752399
6.400000 4.000000 0.000000 0.469935 0.344809 0.540954
6.400000 4.000000 0.800000 0.480701 0.258256 0.701176
6.400000 4.000000 1.600000 0.483811 0.196488 0.558049
6.400000 4.000000 2.400000 0.478673 0.173444 0.053598
6.400000 4.000000 3.200000 0.466234 0.193489 0.003567
6.400000 4.000000 4.000000 0.448281 0.250017 0.063013
6.400000 4.000000 4.800000 0.426516 0.328812 0.261096
6.400000 4.000000 5.600000 0.402194 0.413877 0.585608
6.400000 4.800000 0.000000 0.475692 0.340177 0.226910
6.400000 4.800000 0.800000 0.487005 0.252706 0.443216
6.400000 4.800000 1.600000 0.490293 0.189915 0.622188
6.400000 4.800000 2.400000 0.484866 0.165800 0.117300
6.400000 4.800000 3.200000 0.471825 0.184914 0.036564
6.400000 4.800000 4.000000 0.453186 0.240914 0.129318
6.400000 4.800000 4.800000 0.430790 0.319791 0.343533
6.400000 4.800000 5.600000 0.405931 0.405583 0.281736
6.400000 5.600000 0.000000 0.473744 0.342386 0.336706
6.400000 5.600000 0.800000 0.484866 0.255692 0.540954
6.400000 5.600000 1.600000 0.488091 0.193076 0.487267
6.400000 5.600000 2.400000 0.482765 0.168308 0.011104
6.400000 5.600000 3.200000 nan nan nan
6.400000 5.600000 4.000000 0.451533 0.240352 0.016258
6.400000 5.600000 4.800000 0.429353 0.317716 0.180077
6.400000 5.600000 5.600000 0.404678 0.402545 0.390792
6.400000 6.400000 0.000000 0.464422 0.351221 0.763144
6.400000 6.400000 0.800000 0.474714 0.266922 0.855396
6.400000 6.400000 1.600000 0.477671 0.205645 0.696913
6.400000 6.400000 2.400000 0.472781 0.180676 0.220128
6.400000 6.400000 3.200000 0.460868 0.196683 0.117301
6.400000 6.400000 4.000000 0.443529 0.248246 0.233713
6.400000 6.400000 4.800000 0.422346 0.322618 0.449621
6.400000 6.400000 5.600000 0.398527 0.404875 0.789927
6.400000 7.200000 0.000000 0.449088 0.366096 0.979286
6.400000 7.200000 0.800000 0.458261 0.285643 0.946202
6.400000 7.200000 1.600000 0.460868 0.226774 0.511560
6.400000 7.200000 2.400000 0.456550 0.202057 0.022257
6.400000 7.200000 3.200000 nan nan nan
6.400000 7.200000 4.000000 0.430070 0.264039 0.193285
6.400000 7.200000 4.800000 0.410384 0.334140 0.799292
6.400000 7.200000 5.600000 0.387904 0.412387 0.976433
6.400000 8.000000 0.000000 0.429353 0.386122 0.999154
6.400000 8.000000 0.800000 0.437410 0.310727 0.953254
6.400000 8.000000 1.600000 0.439677 0.255182 0.558049
6.400000 8.000000 2.400000 0.435915 0.231154 0.053598
6.400000 8.000000 3.200000 0.426516 0.243079 0.003567
6.400000 8.000000 4.000000 0.412325 0.286770 0.247376
6.400000 8.000000 4.800000 0.394330 0.351578 0.822550
6.400000 8.000000 5.600000 0.373438 0.424624 0.992099
6.400000 8.800000 0.000000 0.406561 0.410193 0.999812
6.400000 8.800000 0.800000 0.413630 0.340787 0.987503
6.400000 8.800000 1.600000 0.415605 0.289291 0.843451
6.400000 8.800000 2.400000 0.412325 0.266344 0.511561
6.400000 8.800000 3.200000 0.404054 0.276148 0.410681
6.400000 8.800000 4.000000 0.391385 0.315168 0.679385
6.400000 8.800000 4.800000 0.375059 0.373958 0.946202
6.400000 8.800000 5.600000 0.355810 0.440902 0.998091
6.400000 9.600000 0.000000 0.381667 0.437091 0.999719
6.400000 9.600000 0.800000 0.387904 0.374298 0.982145
6.400000 9.600000 1.600000 0.389637 0.327370 0.789926
6.400000 9.600000 2.400000 0.386756 0.305835 0.390792
6.400000 9.600000 3.200000 0.379442 0.313605 0.281736
6.400000 9.600000 4.000000 0.368114 0.347770 0.585608
6.400000 9.600000 4.800000 0.353324 0.400123 0.925317
6.400000 9.600000 5.600000 0.335652 0.460375 0.997206
7.200000 0.000000 0.000000 0.381667 0.461704 0.999642
7.200000 0.000000 0.800000 0.387904 0.403861 0.998752
7.200000 0.000000 1.600000 0.389637 0.363607 0.979286
7.200000 0.000000 2.400000 0.386756 0.350308 0.890213
7.200000 0.000000 3.200000 0.379442 0.366432 0.546698
7.200000 0.000000 4.000000 0.368114 0.406793 0.343533
7.200000 0.000000 4.800000 0.353324 0.461157 0.546698
7.200000 0.000000 5.600000 0.335652 0.518463 0.890213
7.200000 0.800000 0.000000 0.409101 0.433941 0.999558
7.200000 0.800000 0.800000 0.416268 0.369303 0.994640
7.200000 0.800000 1.600000 0.418271 0.324095 0.924034
7.200000 0.800000 2.400000 0.414944 0.308773 0.590978
7.200000 0.800000 3.200000 0.406561 0.326198 0.016258
7.200000 0.800000 4.000000 nan nan nan
7.200000 0.800000 4.800000 0.377240 0.431127 0.016258
7.200000 0.800000 5.600000 0.357817 0.495070 0.590978
7.200000 1.600000 0.000000 0.435173 0.408609 0.999858
7.200000 1.600000 0.800000 0.443529 0.337807 0.991466
7.200000 1.600000 1.600000 0.445887 0.288033 0.886548
7.200000 1.600000 2.400000 0.441977 0.270716 0.449621
7.200000 1.600000 3.200000 nan nan nan
7.200000 1.600000 4.000000 nan nan nan
7.200000 1.600000 4.800000 nan nan nan
7.200000 1.600000 5.600000 0.377789 0.472863 0.449621
7.200000 2.400000 0.000000 0.459125 0.386971 0.999830
7.200000 2.400000 0.800000 0.469000 0.310954 0.996085
7.200000 2.400000 1.600000 0.471825 0.257228 0.942316
7.200000 2.400000 2.400000 0.467150 0.238028 0.670335
7.200000 2.400000 3.200000 0.455702 0.256953 0.083413
7.200000 2.400000 4.000000 nan nan nan
7.200000 2.400000 4.800000 0.418271 0.377871 0.083413
7.200000 2.400000 5.600000 0.394925 0.452838 0.670335
7.200000 3.200000 0.000000 0.479683 0.370158 0.993857
7.200000 3.200000 0.800000 0.491411 0.290152 0.992099
7.200000 3.200000 1.600000 0.494837 0.233293 0.893772
7.200000 3.200000 2.400000 0.489186 0.212406 0.474874
7.200000 3.200000 3.200000 nan nan nan
7.200000 3.200000 4.000000 nan nan nan
7.200000 3.200000 4.800000 nan nan nan
7.200000 3.200000 5.600000 0.408463 0.435951 0.474874
7.200000 4.000000 0.000000 0.494837 0.359063 0.950717
7.200000 4.000000 0.800000 0.508487 0.276505 0.972215
7.200000 4.000000 1.600000 0.512579 0.217496 0.906990
7.200000 4.000000 2.400000 0.505858 0.195200 0.523451
7.200000 4.000000 3.200000 nan nan nan
7.200000 4.000000 4.000000 nan nan nan
7.200000 4.000000 4.800000 nan nan nan
7.200000 4.000000 5.600000 0.417601 0.423045 0.523451
7.200000 4.800000 0.000000 0.502046 0.354261 0.888394
7.200000 4.800000 0.800000 0.516873 0.270716 0.934885
7.200000 4.800000 1.600000 0.521400 0.210647 0.924034
7.200000 4.800000 2.400000 0.513987 0.187291 0.590978
7.200000 4.800000 3.200000 0.497184 0.205011 0.016258
7.200000 4.800000 4.000000 nan nan nan
7.200000 4.800000 4.800000 0.449088 0.332868 0.016258
7.200000 4.800000 5.600000 0.421660 0.414770 0.590978
7.200000 5.600000 0.000000 0.499586 0.355958 0.914475
7.200000 5.600000 0.800000 0.513987 0.273025 0.950717
7.200000 5.600000 1.600000 0.518354 0.213027 0.886548
7.200000 5.600000 2.400000 0.511194 0.189013 0.449621
7.200000 5.600000 3.200000 nan nan nan
7.200000 5.600000 4.000000 nan nan nan
7.200000 5.600000 4.800000 nan nan nan
7.200000 5.600000 5.600000 0.420297 0.411533 0.449621
7.200000 6.400000 0.000000 0.488091 0.363982 0.979286
7.200000 6.400000 0.800000 0.500808 0.283197 0.988634
7.200000 6.400000 1.600000 0.504571 0.224378 0.942316
7.200000 6.400000 2.400000 0.498378 0.200139 0.670335
7.200000 6.400000 3.200000 0.483811 0.214968 0.083413
7.200000 6.400000 4.000000 nan nan nan
7.200000 6.400000 4.800000 0.439677 0.334708 0.083413
7.200000 6.400000 5.600000 0.413630 0.413462 0.670335
7.200000 7.200000 0.000000 0.469935 0.377810 0.998752
7.200000 7.200000 0.800000 0.480701 0.300560 0.992099
7.200000 7.200000 1.600000 0.483811 0.243943 0.893772
7.200000 7.200000 2.400000 0.478673 0.219919 0.642028
7.200000 7.200000 3.200000 0.466234 0.232910 0.558049
7.200000 7.200000 4.000000 0.448281 0.278427 0.546698
7.200000 7.200000 4.800000 0.426516 0.345358 0.705393
7.200000 7.200000 5.600000 0.402194 0.420402 0.935998
7.200000 8.000000 0.000000 0.447479 0.396622 0.999905
7.200000 8.000000 0.800000 0.456550 0.324080 0.993231
7.200000 8.000000 1.600000 0.459125 0.270549 0.906990
7.200000 8.000000 2.400000 0.454858 0.247162 0.679385
7.200000 8.000000 3.200000 0.444311 0.258196 0.601574
7.200000 8.000000 4.000000 0.428640 0.299750 0.799292
7.200000 8.000000 4.800000 0.409101 0.361750 0.969572
7.200000 8.000000 5.600000 0.386756 0.431936 0.997261
7.200000 8.800000 0.000000 0.422346 0.419390 0.999980
7.200000 8.800000 0.800000 0.430070 0.352465 0.998375
7.200000 8.800000 1.600000 0.432238 0.302731 0.973694
7.200000 8.800000 2.400000 0.428640 0.280363 0.893772
7.200000 8.800000 3.200000 0.419619 0.289424 0.862172
7.200000 8.800000 4.000000 0.405931 0.326612 0.938172
7.200000 8.800000 4.800000 0.388480 0.382974 0.992099
7.200000 8.800000 5.600000 0.368114 0.447423 0.999777
7.200000 9.600000 0.000000 0.395521 0.444967 0.999987
7.200000 9.600000 0.800000 0.402194 0.384283 0.998940
7.200000 9.600000 1.600000 0.404054 0.338859 0.982145
7.200000 9.600000 2.400000 0.400964 0.317837 0.925317
7.200000 9.600000 3.200000 0.393147 0.325002 0.902218
7.200000 9.600000 4.000000 0.381108 0.357636 0.957213
7.200000 9.600000 4.800000 0.365497 0.407937 0.994744
7.200000 9.600000 5.600000 0.346974 0.466062 0.999857
8.000000 0.000000 0.000000 0.390801 0.475779 0.999999
8.000000 0.000000 0.800000 0.397319 0.421753 0.999950
8.000000 0.000000 1.600000 0.399133 0.384089 0.994846
8.000000 0.000000 2.400000 0.396118 0.371437 0.903833
8.000000 0.000000 3.200000 0.388480 0.386114 0.590978
8.000000 0.000000 4.000000 0.376693 0.423407 0.397449
8.000000 0.000000 4.800000 0.361370 0.473932 0.590978
8.000000 0.000000 5.600000 0.343145 0.527468 0.903833
8.000000 0.800000 0.000000 0.419619 0.449702 0.999998
8.000000 0.800000 0.800000 0.427221 0.389331 0.999674
8.000000 0.800000 1.600000 0.429353 0.347027 0.972716
8.000000 0.800000 2.400000 0.425814 0.332448 0.632205
8.000000 0.800000 3.200000 0.416933 0.348279 0.044765
8.000000 0.800000 4.000000 nan nan nan
8.000000 0.800000 4.800000 0.386185 0.445519 0.044765
8.000000 0.800000 5.600000 0.366018 0.505245 0.632205
8.000000 1.600000 0.000000 0.447479 0.425832 0.999997
8.000000 1.600000 0.800000 0.456550 0.359683 0.999463
8.000000 1.600000 1.600000 0.459125 0.313086 0.957967
8.000000 1.600000 2.400000 0.454858 0.296602 0.499498
8.000000 1.600000 3.200000 nan nan nan
8.000000 1.600000 4.000000 nan nan nan
8.000000 1.600000 4.800000 nan nan nan
8.000000 1.600000 5.600000 0.386756 0.484096 0.499498
8.000000 2.400000 0.000000 0.473744 0.405343 0.999998
8.000000 2.400000 0.800000 0.484866 0.334274 0.999767
8.000000 2.400000 1.600000 0.488091 0.283940 0.979666
8.000000 2.400000 2.400000 0.482765 0.265652 0.705392
8.000000 2.400000 3.200000 0.469935 0.282799 0.129318
8.000000 2.400000 4.000000 0.451533 0.329796 0.001310
8.000000 2.400000 4.800000 0.429353 0.394893 0.129318
8.000000 2.400000 5.600000 0.404678 0.464958 0.705392
8.000000 3.200000 0.000000 0.497184 0.389289 0.999914
8.000000 3.200000 0.800000 0.511194 0.314417 0.999505
8.000000 3.200000 1.600000 0.515417 0.261092 0.960858
8.000000 3.200000 2.400000 0.508487 0.241183 0.523451
8.000000 3.200000 3.200000 nan nan nan
8.000000 3.200000 4.000000 nan nan nan
8.000000 3.200000 4.800000 nan nan nan
8.000000 3.200000 5.600000 0.418944 0.448735 0.523451
8.000000 4.000000 0.000000 0.515417 0.378518 0.999100
8.000000 4.000000 0.800000 0.533146 0.301160 0.998940
8.000000 4.000000 1.600000 0.538867 0.245744 0.966089
8.000000 4.000000 2.400000 0.529590 0.224474 0.569214
8.000000 4.000000 3.200000 0.509831 0.241288 0.006853
8.000000 4.000000 4.000000 nan nan nan
8.000000 4.000000 4.800000 0.457403 0.360275 0.006853
8.000000 4.000000 5.600000 0.428640 0.436227 0.569214
8.000000 4.800000 0.000000 0.524569 0.373588 0.997618
8.000000 4.800000 0.800000 0.545181 0.295184 0.997206
8.000000 4.800000 1.600000 0.552325 0.238683 0.957213
8.000000 4.800000 2.400000 0.540897 0.216379 0.632205
8.000000 4.800000 3.200000 0.518354 0.232394 0.044765
8.000000 4.800000 4.000000 nan nan nan
8.000000 4.800000 4.800000 0.462634 0.351276 0.044765
8.000000 4.800000 5.600000 0.432967 0.428065 0.632205
8.000000 5.600000 0.000000 0.521400 0.374721 0.998274
8.000000 5.600000 0.800000 0.540897 0.296754 0.997972
8.000000 5.600000 1.600000 0.547455 0.240218 0.957967
8.000000 5.600000 2.400000 0.536902 0.217260 0.499498
8.000000 5.600000 3.200000 nan nan nan
8.000000 5.600000 4.000000 nan nan nan
8.000000 5.600000 4.800000 nan nan nan
8.000000 5.600000 5.600000 0.431512 0.424651 0.499498
8.000000 6.400000 0.000000 0.507163 0.381793 0.999667
8.000000 6.400000 0.800000 0.522968 0.305694 0.999607
8.000000 6.400000 1.600000 0.527877 0.250160 0.979666
8.000000 6.400000 2.400000 0.519862 0.226957 0.705392
8.000000 6.400000 3.200000 0.502046 0.240339 0.129318
8.000000 6.400000 4.000000 0.478673 0.285730 0.001310
8.000000 6.400000 4.800000 0.452358 0.352050 0.129318
8.000000 6.400000 5.600000 0.424419 0.426131 0.705392
8.000000 7.200000 0.000000 0.485930 0.394348 0.999985
8.000000 7.200000 0.800000 0.498378 0.321424 0.999736
8.000000 7.200000 1.600000 0.502046 0.267854 0.995044
8.000000 7.200000 2.400000 0.496004 0.244826 0.944290
8.000000 7.200000 3.200000 0.481729 0.256537 0.737455
8.000000 7.200000 4.000000 0.461748 0.298906 0.590978
8.000000 7.200000 4.800000 0.438162 0.361657 0.737455
8.000000 7.200000 5.600000 0.412325 0.432383 0.944290
8.000000 8.000000 0.000000 0.460868 0.411653 0.999998
8.000000 8.000000 0.800000 0.470877 0.343016 0.999777
8.000000 8.000000 1.600000 0.473744 0.292253 0.995764
8.000000 8.000000 2.400000 0.469000 0.269803 0.980406
8.000000 8.000000 3.200000 0.457403 0.279734 0.973694
8.000000 8.000000 4.000000 0.440440 0.318498 0.972716
8.000000 8.000000 4.800000 0.419619 0.376752 0.984911
8.000000 8.000000 5.600000 0.396118 0.443034 0.997666
8.000000 8.800000 0.000000 0.433699 0.432769 1.000000
8.000000 8.800000 0.800000 0.441977 0.369295 0.999952
8.000000 8.800000 1.600000 0.444311 0.322022 0.999003
8.000000 8.800000 2.400000 0.440440 0.300519 0.995044
8.000000 8.800000 3.200000 0.430789 0.308656 0.993231
8.000000 8.800000 4.000000 0.416268 0.343425 0.997368
8.000000 8.800000 4.800000 0.397922 0.396503 0.999736
8.000000 8.800000 5.600000 0.376693 0.457498 0.999982
8.000000 9.600000 0.000000 0.405303 0.456635 1.000000
8.000000 9.600000 0.800000 0.412325 0.398940 0.999987
8.000000 9.600000 1.600000 0.414286 0.355661 0.999719
8.000000 9.600000 2.400000 0.411029 0.335419 0.998532
8.000000 9.600000 3.200000 0.402812 0.341830 0.997972
8.000000 9.600000 4.000000 0.390218 0.372414 0.999236
8.000000 9.600000 4.800000 0.373977 0.419896 0.999928
8.000000 9.600000 5.600000 0.354812 0.475029 0.999999
8.800000 0.000000 0.000000 0.395521 0.492834 1.000000
8.800000 0.000000 0.800000 0.402194 0.443274 0.999990
8.800000 0.000000 1.600000 0.404054 0.408638 0.998777
8.800000 0.000000 2.400000 0.400964 0.396763 0.972716
8.800000 0.000000 3.200000 0.393147 0.409800 0.857686
8.800000 0.000000 4.000000 0.381108 0.443563 0.766639
8.800000 0.000000 4.800000 0.365497 0.489622 0.857686
8.800000 0.000000 5.600000 0.346974 0.538717 0.972716
8.800000 0.800000 0.000000 0.425115 0.468742 1.000000
8.800000 0.800000 0.800000 0.432967 0.413355 0.999929
8.800000 0.800000 1.600000 0.435173 0.374442 0.992963
8.800000 0.800000 2.400000 0.431512 0.360757 0.874887
8.800000 0.800000 3.200000 0.422346 0.374792 0.499498
8.800000 0.800000 4.000000 0.408463 0.412018 0.288623
8.800000 0.800000 4.800000 0.390801 0.463155 0.499498
8.800000 0.800000 5.600000 0.370229 0.517925 0.874887
8.800000 1.600000 0.000000 0.454020 0.446608 1.000000
8.800000 1.600000 0.800000 0.463525 0.385891 0.999882
8.800000 1.600000 1.600000 0.466234 0.343003 0.988848
8.800000 1.600000 2.400000 0.461748 0.327525 0.816964
8.800000 1.600000 3.200000 0.450714 0.342285 0.343533
8.800000 1.600000 4.000000 0.434435 0.382496 0.129318
8.800000 1.600000 4.800000 0.414286 0.438153 0.343533
8.800000 1.600000 5.600000 0.391385 0.498082 0.816964
8.800000 2.400000 0.000000 0.481729 0.427501 1.000000
8.800000 2.400000 0.800000 0.493683 0.362214 0.999950
8.800000 2.400000 1.600000 0.497184 0.315844 0.994846
8.800000 2.400000 2.400000 0.491411 0.298663 0.903833
8.800000 2.400000 3.200000 0.477671 0.313817 0.590978
8.800000 2.400000 4.000000 0.458261 0.356362 0.397450
8.800000 2.400000 4.800000 0.435173 0.415742 0.590978
8.800000 2.400000 5.600000 0.409741 0.480053 0.903833
8.800000 3.200000 0.000000 0.507163 0.412392 0.999982
8.800000 3.200000 0.800000 0.522968 0.343532 0.998532
8.800000 3.200000 1.600000 0.527877 0.294346 0.975996
8.800000 3.200000 2.400000 0.519862 0.275629 0.827990
8.800000 3.200000 3.200000 0.502046 0.290809 0.370667
8.800000 3.200000 4.000000 0.478673 0.334898 0.154224
8.800000 3.200000 4.800000 0.452358 0.396997 0.370668
8.800000 3.200000 5.600000 0.424419 0.464682 0.827990
8.800000 4.000000 0.000000 0.527877 0.402070 0.999799
8.800000 4.000000 0.800000 0.549831 0.330820 0.986774
8.800000 4.000000 1.600000 0.557754 0.279630 0.835878
8.800000 4.000000 2.400000 0.545181 0.259615 0.493403
8.800000 4.000000 3.200000 0.521400 0.274440 0.390792
8.800000 4.000000 4.000000 0.493683 0.319191 0.206644
8.800000 4.000000 4.800000 0.464422 0.382853 0.423792
8.800000 4.000000 5.600000 0.434435 0.452719 0.848329
8.800000 4.800000 0.000000 0.538867 0.397072 0.999451
8.800000 4.800000 0.800000 0.567557 0.324735 0.967875
8.800000 4.800000 1.600000 0.582102 0.272451 0.665737
8.800000 4.800000 2.400000 0.560749 0.251442 0.173538
8.800000 4.800000 3.200000 0.531345 0.265546 0.078130
8.800000 4.800000 4.000000 0.500808 0.310041 0.288623
8.800000 4.800000 4.800000 0.469935 0.374023 0.499498
8.800000 4.800000 5.600000 0.438918 0.444764 0.874887
8.800000 5.600000 0.000000 0.534997 0.397634 0.999607
8.800000 5.600000 0.800000 0.560749 0.325557 0.975996
8.800000 5.600000 1.600000 0.571566 0.273139 0.733607
8.800000 5.600000 2.400000 0.554958 0.251488 0.281736
8.800000 5.600000 3.200000 0.527877 0.264548 0.173538
8.800000 5.600000 4.000000 0.498378 0.307888 0.129318
8.800000 5.600000 4.800000 0.468072 0.370944 0.343533
8.800000 5.600000 5.600000 0.437410 0.441214 0.816964
8.800000 6.400000 0.000000 0.518354 0.403675 0.999928
8.800000 6.400000 0.800000 0.536902 0.333174 0.994744
8.800000 6.400000 1.600000 0.542999 0.281573 0.925317
8.800000 6.400000 2.400000 0.533146 0.259664 0.733607
8.800000 6.400000 3.200000 0.512579 0.271420 0.590978
8.800000 6.400000 4.000000 0.487005 0.312785 0.397450
8.800000 6.400000 4.800000 0.459125 0.373733 0.590978
8.800000 6.400000 5.600000 0.430070 0.442228 0.903833
8.800000 7.200000 0.000000 0.494837 0.414814 0.999997
8.800000 7.200000 0.800000 0.508487 0.347097 0.999719
8.800000 7.200000 1.600000 0.512579 0.297207 0.994744
8.800000 7.200000 2.400000 0.505858 0.275432 0.975996
8.800000 7.200000 3.200000 0.490293 0.285702 0.915905
8.800000 7.200000 4.000000 0.469000 0.324395 0.857686
8.800000 7.200000 4.800000 0.444311 0.382188 0.915905
8.800000 7.200000 5.600000 0.417601 0.447717 0.984911
8.800000 8.000000 0.000000 0.468072 0.430408 1.000000
8.800000 8.000000 0.800000 0.478673 0.366516 0.999997
8.800000 8.000000 1.600000 0.481729 0.319126 0.999928
8.800000 8.000000 2.400000 0.476677 0.297867 0.999463
8.800000 8.000000 3.200000 0.464422 0.306553 0.996237
8.800000 8.000000 4.000000 0.446681 0.342033 0.992963
8.800000 8.000000 4.800000 0.425115 0.395810 0.996237
8.800000 8.000000 5.600000 0.400964 0.457359 0.999463
8.800000 8.800000 0.000000 0.439677 0.449619 1.000000
8.800000 8.800000 0.800000 0.448281 0.390383 1.000000
8.800000 8.800000 1.600000 0.450714 0.346141 0.999993
8.800000 8.800000 2.400000 0.446681 0.325747 0.999960
8.800000 8.800000 3.200000 0.436661 0.332836 0.999943
8.800000 8.800000 4.000000 0.421660 0.364736 0.999941
8.800000 8.800000 4.800000 0.402812 0.413856 0.999970
8.800000 8.800000 5.600000 0.381108 0.470626 0.999996
8.800000 9.600000 0.000000 0.410384 0.471485 1.000000
8.800000 9.600000 0.800000 0.417601 0.417500 1.000000
8.800000 9.600000 1.600000 0.419619 0.376895 0.999999
8.800000 9.600000 2.400000 0.416268 0.357666 0.999996
8.800000 9.600000 3.200000 0.407827 0.363220 0.999994
8.800000 9.600000 4.000000 0.394925 0.391349 0.999998
8.800000 9.600000 4.800000 0.378338 0.435401 1.000000
8.800000 9.600000 5.600000 0.358827 0.486838 1.000000
9.600000 0.000000 0.000000 0.395521 0.511953 1.000000
9.600000 0.000000 0.800000 0.402194 0.467274 1.000000
9.600000 0.000000 1.600000 0.404054 0.435944 0.999929
9.600000 0.000000 2.400000 0.400964 0.424946 0.998012
9.600000 0.000000 3.200000 0.393147 0.436244 0.987021
9.600000 0.000000 4.000000 0.381108 0.466210 0.976433
9.600000 0.000000 4.800000 0.365497 0.507419 0.987021
9.600000 0.000000 5.600000 0.346974 0.551639 0.998012
9.600000 0.800000 0.000000 0.425115 0.490049 1.000000
9.600000 0.800000 0.800000 0.432967 0.440102 0.999996
9.600000 0.800000 1.600000 0.435173 0.404890 0.999545
9.600000 0.800000 2.400000 0.431512 0.392214 0.988848
9.600000 0.800000 3.200000 0.422346 0.404352 0.935998
9.600000 0.800000 4.000000 0.408463 0.437382 0.890214
9.600000 0.800000 4.800000 0.390801 0.483134 0.935998
9.600000 0.800000 5.600000 0.370229 0.532471 0.988848
9.600000 1.600000 0.000000 0.454020 0.469841 1.000000
9.600000 1.600000 0.800000 0.463525 0.415052 0.999994
9.600000 1.600000 1.600000 0.466234 0.376215 0.999252
9.600000 1.600000 2.400000 0.461748 0.361873 0.982474
9.600000 1.600000 3.200000 0.450714 0.374614 0.903833
9.600000 1.600000 4.000000 0.434435 0.410296 0.838437
9.600000 1.600000 4.800000 0.414286 0.460112 0.903833
9.600000 1.600000 5.600000 0.391385 0.514121 0.982474
9.600000 2.400000 0.000000 0.481729 0.452286 0.999999
9.600000 2.400000 0.800000 0.493683 0.393315 0.999857
9.600000 2.400000 1.600000 0.497184 0.351281 0.997206
9.600000 2.400000 2.400000 0.491411 0.335353 0.986774
9.600000 2.400000 3.200000 0.477671 0.348413 0.951576
9.600000 2.400000 4.000000 0.458261 0.386185 0.915905
9.600000 2.400000 4.800000 0.435173 0.439371 0.951577
9.600000 2.400000 5.600000 0.409741 0.497376 0.991788
9.600000 3.200000 0.000000 0.507163 0.438266 0.999928
9.600000 3.200000 0.800000 0.522968 0.375986 0.994744
9.600000 3.200000 1.600000 0.527877 0.331339 0.925317
9.600000 3.200000 2.400000 0.519862 0.313975 0.733607
9.600000 3.200000 3.200000 0.502046 0.327037 0.665737
9.600000 3.200000 4.000000 0.478673 0.366212 0.835878
9.600000 3.200000 4.800000 0.452358 0.421894 0.910053
9.600000 3.200000 5.600000 0.424419 0.483008 0.983736
9.600000 4.000000 0.000000 0.527877 0.428506 0.999236
9.600000 4.000000 0.800000 0.549831 0.363960 0.957213
9.600000 4.000000 1.600000 0.557754 0.317417 0.585608
9.600000 4.000000 2.400000 0.545181 0.298833 0.078130
9.600000 4.000000 3.200000 0.521400 0.311570 0.013572
9.600000 4.000000 4.000000 0.493683 0.351382 0.281736
9.600000 4.000000 4.800000 0.464422 0.408543 0.835878
9.600000 4.000000 5.600000 0.434435 0.471716 0.986004
9.600000 4.800000 0.000000 0.538867 0.423514 0.997972
9.600000 4.800000 0.800000 0.567557 0.357860 0.902218
9.600000 4.800000 1.600000 0.582102 0.310233 0.281736
9.600000 4.800000 2.400000 nan nan nan
9.600000 4.800000 3.200000 nan nan nan
9.600000 4.800000 4.000000 0.500808 0.342447 0.013572
9.600000 4.800000 4.800000 0.469935 0.399993 0.665738
9.600000 4.800000 5.600000 0.438918 0.464062 0.982145
9.600000 5.600000 0.000000 0.534997 0.423533 0.998532
9.600000 5.600000 0.800000 0.560749 0.357978 0.925317
9.600000 5.600000 1.600000 0.571566 0.310127 0.390792
9.600000 5.600000 2.400000 nan nan nan
9.600000 5.600000 3.200000 nan nan nan
9.600000 5.600000 4.000000 0.498378 0.339846 0.078130
9.600000 5.600000 4.800000 0.468072 0.396667 0.733607
9.600000 5.600000 5.600000 0.437410 0.460430 0.982474
9.600000 6.400000 0.000000 0.518354 0.428527 0.999719
9.600000 6.400000 0.800000 0.536902 0.364256 0.982145
9.600000 6.400000 1.600000 0.542999 0.317045 0.789926
9.600000 6.400000 2.400000 0.533146 0.296629 0.390792
9.600000 6.400000 3.200000 0.512579 0.306674 0.281736
9.600000 6.400000 4.000000 0.487005 0.343669 0.585608
9.600000 6.400000 4.800000 0.459125 0.398709 0.925317
9.600000 6.400000 5.600000 0.430070 0.460989 0.991788
9.600000 7.200000 0.000000 0.494837 0.438186 0.999987
9.600000 7.200000 0.800000 0.508487 0.376299 0.998940
9.600000 7.200000 1.600000 0.512579 0.330543 0.982145
9.600000 7.200000 2.400000 0.505858 0.310224 0.925317
9.600000 7.200000 3.200000 0.490293 0.318974 0.902218
9.600000 7.200000 4.000000 0.469000 0.353655 0.957213
9.600000 7.200000 4.800000 0.444311 0.405968 0.992963
9.600000 7.200000 5.600000 0.417601 0.465684 0.998961
9.600000 8.000000 0.000000 0.468072 0.451960 1.000000
9.600000 8.000000 0.800000 0.478673 0.393418 0.999987
9.600000 8.000000 1.600000 0.481729 0.349844 0.999719
9.600000 8.000000 2.400000 0.476677 0.329976 0.998532
9.600000 8.000000 3.200000 0.464422 0.337347 0.997972
9.600000 8.000000 4.000000 0.446681 0.369224 0.999236
9.600000 8.000000 4.800000 0.425115 0.418022 0.999767
9.600000 8.000000 5.600000 0.400964 0.474243 0.999970
9.600000 8.800000 0.000000 0.439677 0.469115 1.000000
9.600000 8.800000 0.800000 0.448281 0.414693 1.000000
9.600000 8.800000 1.600000 0.450714 0.373908 0.999999
9.600000 8.800000 2.400000 0.446681 0.354819 0.999996
9.600000 8.800000 3.200000 0.436661 0.360800 0.999994
9.600000 8.800000 4.000000 0.421660 0.389532 0.999997
9.600000 8.800000 4.800000 0.402812 0.434218 0.999999
9.600000 8.800000 5.600000 0.381108 0.486201 1.000000
9.600000 9.600000 0.000000 0.410384 0.488794 1.000000
9.600000 9.600000 0.800000 0.417601 0.439063 1.000000
9.600000 9.600000 1.600000 0.419619 0.401530 1.000000
9.600000 9.600000 2.400000 0.416267 0.383504 1.000000
9.600000 9.600000 3.200000 0.407827 0.388147 1.000000
9.600000 9.600000 4.000000 0.394925 0.413548 1.000000
9.600000 9.600000 4.800000 0.378338 0.453730 1.000000
9.600000 9.600000 5.600000 0.358827 0.500946 1.000000
